type      = 1 # LINEAR_RAS_TO_RAS
nxforms   = 1
mean      = 0.0000 0.0000 0.0000
sigma     = 1.0000
1 4 4
1.000000000000000e+00 0.000000000000000e+00 0.000000000000000e+00 0.000000000000000e+00 
0.000000000000000e+00 1.000000000000000e+00 0.000000000000000e+00 -7.629394531250000e-06 
0.000000000000000e+00 0.000000000000000e+00 1.000000000000000e+00 0.000000000000000e+00 
0.000000000000000e+00 0.000000000000000e+00 0.000000000000000e+00 1.000000000000000e+00 
src volume info
valid = 1  # volume info valid
filename = /media/ssbeast/mturk/MTurk1/subjects/jeeves/mri/Jeeves/mri/brain.nii.gz
volume = 428 282 398
voxelsize = 3.515619933605194e-01 3.515619933605194e-01 3.515619933605194e-01
xras   = 1.000000000000000e+00 0.000000000000000e+00 0.000000000000000e+00
yras   = 0.000000000000000e+00 0.000000000000000e+00 -1.000000000000000e+00
zras   = 0.000000000000000e+00 1.000000000000000e+00 0.000000000000000e+00
cras   = 3.378303527832031e+00 -9.510414123535156e+00 1.198253631591797e+01
dst volume info
valid = 1  # volume info valid
filename = /media/ssbeast/mturk/MTurk1/subjects/jeeves/mri/Jeeves/mri/brain.nii.gz
volume = 428 282 398
voxelsize = 3.515619933605194e-01 3.515619933605194e-01 3.515619933605194e-01
xras   = 1.000000000000000e+00 0.000000000000000e+00 0.000000000000000e+00
yras   = 0.000000000000000e+00 0.000000000000000e+00 -1.000000000000000e+00
zras   = 0.000000000000000e+00 1.000000000000000e+00 0.000000000000000e+00
cras   = 3.378303527832031e+00 -9.510414123535156e+00 1.198253631591797e+01
fscale 0.100000
